# ICD9 Codes

alcohol_dependence <-
    c(
        '303',
        '3030',
        '30300',
        '30301',
        '30302',
        '30303',
        '3039',
        '30390',
        '30391',
        '30391',
        '30392',
        '30393'
    )
drug_dependence  <-
    c(
        '304',
        '3040',
        '30400',
        '30401',
        '30402',
        '30403',
        '3041',
        '30410',
        '30411',
        '30412',
        '30413',
        '3042',
        '30420',
        '30421',
        '30422',
        '30423',
        '3043',
        '30430',
        '30431',
        '30432',
        '30433',
        '3044',
        '30440',
        '30441',
        '30442',
        '30443',
        '3045',
        '30450',
        '30451',
        '30452',
        '30453',
        '3046',
        '30460',
        '30461',
        '30462',
        '30463',
        '3047',
        '30470',
        '30471',
        '30472',
        '30473',
        '3048',
        '30480',
        '30481',
        '30482',
        '30483',
        '3090',
        '30490',
        '30491',
        '30492',
        '30493',
        '305',
        '3050',
        '30500',
        '30501',
        '30502',
        '30503',
        '3051',
        '3052',
        '30520',
        '30521',
        '30522',
        '30523',
        '3053',
        '30530',
        '30531',
        '30532',
        '30533',
        '3054',
        '30540',
        '30541',
        '30542',
        '30543',
        '3055',
        '30550',
        '30551',
        '30552',
        '30553',
        '3056',
        '30560',
        '30561',
        '30562',
        '30563',
        '3057',
        '30570',
        '30571',
        '30572',
        '30573',
        '3058',
        '30580',
        '30581',
        '30582',
        '30583',
        '3059',
        '30590',
        '30591',
        '30592',
        '30593'
    )
suicide <-
    c(
        'E950',
        'E9500',
        'E9501',
        'E9502',
        'E9503',
        'E9504',
        'E9505',
        'E9506',
        'E9507',
        'E9508',
        'E9509',
        'E951',
        'E9510',
        'E9511',
        'E9518',
        'E952',
        'E9520',
        'E9521',
        'E9528',
        'E9529',
        'E953',
        'E9530',
        'E9531',
        'E9538',
        'E9539',
        'E954',
        'E955',
        'E9550',
        'E9551',
        'E9552',
        'E9553',
        'E9554',
        'E9555',
        'E9556',
        'E9557',
        'E9559',
        'E956',
        'E957',
        'E9570',
        'E9571',
        'E9572',
        'E9579',
        'E958',
        'E9580',
        'E9581',
        'E9582',
        'E9583',
        'E9584',
        'E9584',
        'E9585',
        'E9586',
        'E9587',
        'E9588',
        'E9589',
        'E959'
    )
obesity  <-  c('278', '2780', '27800', '27801', '27802', '27803')
hypertension  <-
    c(
        '401',
        '4010',
        '4011',
        '4019',
        '402',
        '4020',
        '40200',
        '40201',
        '4021',
        '40210',
        '40211',
        '4029',
        '40290',
        '40291',
        '403',
        '4030',
        '40300',
        '40301',
        '4031',
        '40310',
        '40311',
        '4039',
        '40390',
        '40391',
        '404',
        '4040',
        '40400',
        '40401',
        '40402',
        '40403',
        '4041',
        '40410',
        '40411',
        '40412',
        '40413',
        '4049',
        '40490',
        '40491',
        '40492',
        '40493',
        '405',
        '4050',
        '40501',
        '40509',
        '4051',
        '40511',
        '40519',
        '4059',
        '40591',
        '40599'
    )
lipid_metabolism <-
    c('272',
      '2720',
      '2721',
      '2722',
      '2723',
      '2724',
      '2725',
      '2726',
      '2727',
      '2728',
      '2729')
regional_enteritis <- c('555', '5550', '5551', '5552', '5559')
schizophrenia <-
    c(
        '295',
        '2950',
        '29500',
        '29501',
        '29502',
        '29503',
        '29504',
        '29505',
        '2951',
        '29510',
        '29511',
        '29512',
        '29513',
        '29514',
        '29515',
        '2952',
        '29520',
        '29521',
        '29522',
        '29523',
        '29524',
        '29525',
        '2953',
        '29530',
        '29531',
        '29532',
        '29533',
        '29534',
        '29535',
        '2954',
        '29540',
        '29541',
        '29542',
        '29543',
        '29544',
        '29545',
        '2955',
        '29550',
        '29551',
        '29552',
        '29553',
        '29554',
        '29555',
        '29556',
        '29560',
        '29561',
        '29562',
        '29563',
        '29564',
        '29565',
        '2957',
        '29570',
        '29571',
        '29572',
        '29573',
        '29574',
        '29575',
        '2958',
        '29580',
        '29581',
        '29582',
        '29583',
        '29584',
        '29585',
        '2959',
        '29590',
        '29591',
        '29592',
        '29593',
        '29594',
        '29595'
    )
bipolar <-
    c(
        '296',
        '2960',
        '29600',
        '29601',
        '29602',
        '29603',
        '29604',
        '29605',
        '29606',
        '2961',
        '29610',
        '29611',
        '29612',
        '29613',
        '29614',
        '29615',
        '29616',
        '2964',
        '29640',
        '29641',
        '29642',
        '29643',
        '29644',
        '29645',
        '29646',
        '2965',
        '29650',
        '29651',
        '29652',
        '29653',
        '29654',
        '29655',
        '29656',
        '2966',
        '29660',
        '29661',
        '29662',
        '29663',
        '29664',
        '29665',
        '29666',
        '2967',
        '2968',
        '29680',
        '29681',
        '29682',
        '29689'
    )
depression <- c('2962', '2963', '3004', '311')
anxiety <-
    c('3000',
      '30000',
      '30001',
      '30002',
      '30009',
      '3002',
      '30020',
      '3003',
      '3098')
diabetes <-
    c(
        '250',
        '2500',
        '25000',
        '25001',
        '25002',
        '25003',
        '2501',
        '25010',
        '25011',
        '25012',
        '25013',
        '2502',
        '25020',
        '25021',
        '25022',
        '25023',
        '2503',
        '25030',
        '25031',
        '25032',
        '25033',
        '2504',
        '25040',
        '25041',
        '25042',
        '25043',
        '2505',
        '25050',
        '25051',
        '25052',
        '25053',
        '2506',
        '25060',
        '25061',
        '25062',
        '25063',
        '2507',
        '25070',
        '25071',
        '25072',
        '25073',
        '2508',
        '25080',
        '25081',
        '25082',
        '25083',
        '2509',
        '25090',
        '25091',
        '25092',
        '25093'
    )
